2.957243341587642571e-02
2.971416265029461906e-02
2.983865578814798997e-02
2.995955899673156952e-02
3.007694090304225548e-02
3.019085463396725677e-02
3.030133872314949919e-02
3.040841801661411936e-02
3.051210458368539338e-02
3.061239863823944987e-02
3.070928947395728734e-02
3.080275641595876107e-02
3.089276979000350754e-02
2.927149026612420671e-02
2.928828546209351694e-02
2.930390860166454808e-02
2.931822060363867624e-02
2.933108178335105953e-02
2.935189524000031761e-02
2.654189648714532987e-02
2.484117122349257731e-02
2.323294649428719189e-02
2.182505347854848607e-02
2.102945672037002944e-02
2.083848762915265981e-02
2.059414075595647139e-02
2.040447626449861177e-02
2.025191330426311109e-02
2.012869618293102944e-02
2.003021778869965713e-02
1.998916997756668840e-02
1.989505896319549230e-02
1.985382525411130694e-02
1.982788146244371386e-02
1.981595093840007177e-02
1.981702005787454313e-02
1.984129015143435565e-02
1.989100704442140627e-02
1.993755628444388028e-02
1.999443510359944290e-02
2.009852003382952765e-02
2.027105999764126226e-02
2.042474698657661611e-02
2.066036255539633812e-02
2.092879880214545962e-02
2.114992479125915592e-02
2.138647400266798990e-02
2.172321488052296121e-02
2.208081803446090841e-02
2.236034463755390972e-02
2.304053054756518767e-02
2.374475645804932297e-02
2.456629000155491696e-02
2.426894828711377572e-02
2.397917347581968173e-02
2.369408078826680183e-02
2.341152220195682684e-02
2.313175143010824664e-02
2.284857817716539480e-02
2.256788008305894017e-02
2.229002004182667473e-02
2.201504851556633155e-02
2.174301794864939505e-02
2.147397446781166078e-02
2.120795570331796692e-02
2.094499079882666467e-02
2.068510109264451099e-02
2.042830093936821509e-02
2.017459850537179147e-02
1.992399649445852558e-02
1.967649279784488767e-02
1.943208107308931967e-02
1.919075125885088759e-02
1.895249003237204494e-02
1.871728121602687228e-02
1.848510613862514029e-02
1.825594395653865054e-02
1.802977193914719750e-02
1.780656572259282228e-02
1.758629953537839061e-02
1.736894639894525152e-02
1.694286637912061078e-02
1.652809199301358625e-02
1.612437979680309344e-02
1.573147996203133614e-02
1.534913895046339204e-02
1.497710162193742131e-02
1.461511289148263379e-02
1.426291902767785544e-02
1.392026866510660300e-02
1.358691358871084130e-02
1.326260933597515901e-02
1.294711565350014498e-02
1.264019683711188960e-02
1.234162197878364842e-02
1.205116513898889241e-02
1.176860545940385666e-02
1.149372722793190991e-02
1.122631990567308884e-02
4.340182440001119635e-02
4.549017309131477005e-02
4.761248698183687122e-02
4.976629957013593147e-02
5.194708189509833485e-02
5.414999325004038466e-02
5.636989454962782614e-02
5.860136434553358392e-02
6.083871746666751068e-02
6.307602623277910880e-02
6.530714416268983136e-02
6.752573207070108885e-02
6.972528641720045217e-02
7.152851978059930615e-02
7.364355407151877697e-02
7.571920536595837248e-02
7.774872227706215722e-02
7.972536054333893840e-02
8.349328315288333247e-02
7.858561611905719169e-02
7.616167674788647257e-02
7.338587014744614445e-02
7.066665990613965609e-02
6.880943447020618220e-02
6.984106499707849747e-02
6.970284688994521360e-02
6.939891723477097096e-02
6.887745530455123555e-02
6.812025741309754578e-02
6.712147025606683692e-02
6.653143885497946053e-02
6.440715125895218884e-02
6.270728673340594805e-02
6.079601233421320222e-02
5.869040604373330222e-02
5.641041532733891833e-02
5.271280131275658809e-02
4.875602843614207371e-02
4.601746996768169007e-02
4.322919522982313079e-02
3.901061458536284748e-02
3.344830781544122500e-02
2.942164755821798094e-02
2.436712638593995298e-02
1.977647313976323151e-02
1.668455825621218552e-02
1.391306457274812600e-02
1.072255273429314169e-02
8.091546381172999222e-03
6.460881096375577573e-03
3.647261532255219232e-03
1.928017835381099550e-03
9.583867384090353960e-04
4.261203181070343047e-04
1.774870170353428527e-04
6.925332773966091330e-05
2.531348109380425598e-05
8.667646484463061357e-06
2.780215316452746468e-06
8.353978689289310524e-07
2.351509066542050123e-07
6.200667509107714446e-08
1.531682853396464545e-08
3.544361375291043059e-09
7.683268080694046316e-10
1.560245446328162075e-10
2.968102509344923523e-11
5.289370453804973026e-12
8.830153718234896920e-13
1.380930430936772541e-13
2.023087440123525492e-14
2.776494902672993828e-15
3.569591591950793557e-16
4.299120793757488398e-17
4.850430379246297674e-18
5.126493961157167411e-19
5.075749803297405433e-20
4.707817028905147824e-21
4.090520613398600360e-22
3.329486532265296371e-23
2.538724825871339112e-24
1.213421037653675393e-26
4.466490418308502093e-29
1.266136166511483865e-31
2.764099343034568535e-34
4.647144683545044076e-37
6.016973875445361401e-40
5.999699575752398027e-43
4.607235167087485511e-46
2.724650468686221895e-49
1.240911441490050755e-52
4.352415883248465064e-56
1.175654239935439547e-59
2.445617274560790918e-63
3.917933319139544358e-67
4.833762068049156008e-71
4.592754084604901284e-75
3.360630912513768282e-79
1.893774020068295545e-83
1.804788760632558206e-02
1.443728853045137331e-02
1.445739842706636295e-02
1.447788464761180782e-02
1.449858980248488680e-02
1.451937189801248002e-02
1.454010329899598983e-02
1.456066971908713190e-02
1.458096924629682933e-02
1.460091140883414476e-02
1.462041628477910200e-02
1.463941365773853420e-02
1.465784221955839656e-02
1.696402657612616077e-02
1.690343229533154690e-02
1.684853860860667518e-02
1.679878746765638142e-02
1.675367318700404784e-02
1.667556547944469211e-02
1.655985118640917672e-02
1.644605294143890520e-02
1.633878490719841564e-02
1.623694822263990756e-02
1.618810688546579515e-02
1.603984713524277822e-02
1.594624973415650904e-02
1.585609103176012155e-02
1.576928396308845473e-02
1.568572825607060170e-02
1.560532952935322556e-02
1.556628708463192456e-02
1.545366914255121016e-02
1.538225922562331746e-02
1.531370684727515960e-02
1.524795022669217515e-02
1.518493047973640438e-02
1.509540857415764617e-02
1.501173048433298435e-02
1.495910099720926256e-02
1.490893300815067726e-02
1.483817735652128919e-02
1.475194173921669932e-02
1.469310172786331657e-02
1.462207262647141973e-02
1.455911934291065010e-02
1.451693867092285553e-02
1.447887093430047512e-02
1.443420851662056623e-02
1.439614830990453009e-02
1.437171179603898528e-02
1.432752471121572294e-02
1.430001202847488648e-02
1.428445458887624142e-02
1.427338363244746479e-02
1.424291532219429390e-02
1.419954274315747209e-02
1.424752648846758923e-02
1.426854430111676106e-02
1.145418805444429339e-02
1.148851446323988050e-02
1.150546901999592586e-02
1.151125107581233223e-02
1.150910804310846698e-02
1.150079657540445735e-02
1.148731784265872441e-02
1.146928762609344607e-02
1.144712271197767008e-02
1.142113487771203098e-02
1.139157839146218154e-02
1.135867412238824106e-02
1.132262187796038294e-02
1.128360681061945162e-02
1.124180283207016490e-02
1.119737451313318130e-02
1.115047821273322179e-02
1.110126281034681459e-02
1.104987023056458115e-02
1.099643585506178065e-02
1.094108887031846125e-02
1.088395257581004777e-02
1.082514466549659021e-02
1.070295829936173879e-02
1.057536877025343214e-02
1.044314062972012333e-02
1.030697048412593589e-02
1.016749286317633616e-02
1.002528553037496800e-02
9.880874297441088680e-03
9.734737396258946046e-03
9.587309455218091109e-03
9.438985121093821165e-03
9.290122362670304862e-03
9.141045488008345959e-03
8.992047903522645130e-03
8.843394639785515446e-03
8.695324666152337220e-03
8.548053013849610596e-03
8.401772725028813088e-03
8.256656643424172687e-03
